Filetype: IR signals file
Version: 1
# 
# Boston Bay MSAB_09CR
# Remote send always full configuration for each command (due to that, Temp Uo/Down doesnt Working, need a command for each temp level)
#
name: ON
type: raw
frequency: 38000
duty_cycle: 0.330000
data: 4463 4417 539 1598 546 495 546 1591 543 1592 542 501 540 502 539 1597 547 496 545 496 545 1591 543 499 542 500 541 1594 540 1597 547 494 547 1590 544 497 544 499 542 1593 541 1596 538 1597 547 1589 545 1590 544 1593 541 1594 540 1597 547 494 547 496 545 496 545 497 544 497 544 499 542 500 541 500 541 1596 538 503 538 504 547 494 547 495 546 495 546 1590 544 1591 543 499 542 1593 541 1595 539 1596 538 1599 545 1589 545 5190 4441 4412 544 1591 543 500 541 1594 540 1596 538 503 538 505 546 1588 546 497 544 499 542 1592 542 500 541 500 541 1595 539 1595 539 504 547 1586 548 494 547 495 546 1589 545 1590 544 1592 542 1594 540 1597 547 1587 547 1589 545 1589 545 498 543 498 543 499 542 499 542 501 540 502 539 501 540 503 538 1596 538 504 547 493 537 505 546 495 546 494 547 1589 545 1590 544 497 544 1591 543 1593 541 1594 540 1597 547 1589 545
# 
name: OFF
type: raw
frequency: 38000
duty_cycle: 0.330000
data: 4468 4412 543 1593 541 502 539 1596 548 1589 545 496 545 498 543 1593 541 501 540 502 539 1598 546 495 546 497 544 1591 543 1594 540 501 539 1597 547 494 547 1590 544 1591 543 1594 540 1595 539 504 547 1588 546 1590 544 1593 540 501 539 503 538 503 538 505 546 1588 546 497 544 496 545 1592 542 1592 542 1594 540 501 539 503 538 503 538 505 546 494 547 496 545 496 545 497 544 1590 544 1593 541 1594 540 1597 547 1589 545 5188 4430 4421 544 1592 541 499 541 1595 539 1596 538 505 546 494 547 1589 545 497 544 496 545 1592 542 500 540 499 542 1594 540 1596 538 503 538 1599 545 497 544 1591 543 1593 541 1595 539 1596 538 504 547 1588 546 1588 546 1590 544 498 542 498 543 499 541 500 541 1593 541 501 540 502 539 1597 547 1586 548 1587 547 496 545 495 546 497 544 498 543 497 544 498 543 499 542 498 542 1592 542 1594 540 1595 539 1597 547 1589 545
# 
name: TEMP 20
type: raw
frequency: 38000
duty_cycle: 0.330000
data: 4461 4404 539 1595 538 502 538 1594 539 1594 539 502 538 501 539 1593 540 500 540 500 540 1591 542 499 541 499 541 1590 543 1588 545 496 544 1587 546 494 546 494 546 1585 538 1595 538 1595 538 1593 540 1592 541 1591 542 1591 542 1588 545 496 544 496 544 494 546 494 546 494 546 492 538 502 538 502 538 1592 541 499 541 499 541 497 543 523 517 497 543 1588 545 1586 537 503 537 1595 538 1593 540 1592 541 1591 542 1589 544 5182 4424 4413 540 1592 541 498 542 1589 544 1588 545 494 546 494 546 1586 537 503 537 501 539 1592 541 499 541 497 543 1589 544 1587 546 493 537 1594 539 502 538 500 540 1592 541 1590 543 1588 545 1587 546 1586 547 1585 538 1592 541 1592 541 499 541 498 542 498 542 497 543 495 545 495 545 494 546 492 538 1593 540 500 540 498 542 498 542 497 543 496 544 1585 538 1594 539 501 539 1591 542 1589 544 1587 546 1585 538 1594 539
# 
name: TEMP 21
type: raw
frequency: 38000
duty_cycle: 0.330000
data: 4464 4421 544 1595 549 495 545 1590 543 1595 549 495 546 496 544 1592 541 502 538 505 546 1589 544 499 541 502 538 1597 547 1617 516 501 539 1595 549 495 545 497 543 1592 541 1622 522 1590 543 1593 540 1597 547 1591 542 1595 538 1597 547 497 543 499 541 500 540 502 538 504 547 494 546 496 544 1591 542 1593 540 502 538 505 546 495 545 497 543 499 541 1594 539 502 538 504 547 1589 544 1617 516 1594 539 1597 547 1588 545 5192 4436 4421 544 1593 540 502 538 1598 546 1592 541 500 540 502 538 1598 546 497 544 497 543 1592 541 502 538 503 548 1589 544 1619 514 501 539 1596 548 495 545 496 544 1591 542 1621 512 1596 548 1588 545 1592 541 1595 538 1596 548 1589 544 499 541 500 540 501 539 503 537 503 537 505 546 496 544 1589 544 1592 541 501 539 502 538 504 547 496 544 497 543 1591 542 501 539 503 537 1596 548 1615 518 1592 541 1594 539 1597 547
#
name: TEMP 22
type: raw
frequency: 38000
duty_cycle: 0.330000
data: 4454 4410 544 1589 544 496 544 1587 546 1587 546 495 545 493 537 1596 537 503 537 502 538 1593 540 500 540 500 540 1591 542 1590 543 497 543 1589 544 496 544 496 544 1587 546 1586 537 1595 538 1593 540 1592 541 1590 543 1589 544 1587 546 494 546 493 537 502 538 502 538 501 539 499 541 499 541 1590 543 1587 546 1586 537 503 537 501 539 501 539 501 539 1592 541 497 543 497 543 497 543 1586 537 1595 538 1594 539 1591 542 5181 4425 4411 543 1589 544 494 546 1586 537 1595 538 501 539 501 539 1592 541 499 541 497 543 1589 544 495 545 493 537 1595 538 1593 540 499 541 1590 543 497 543 495 545 1586 537 1595 538 1592 541 1591 542 1590 543 1588 545 1586 537 1595 538 502 538 501 539 500 540 500 540 499 541 498 542 498 542 1588 545 1586 537 1595 538 500 540 500 540 500 540 499 541 1588 545 495 545 494 546 492 538 1594 539 1592 541 1589 544 1587 546
#
name: TEMP 23
type: raw
frequency: 38000
duty_cycle: 0.330000
data: 4469 4418 547 1617 516 501 539 1596 548 1591 542 500 540 501 539 1598 546 497 543 499 541 1594 539 504 547 496 545 1591 542 1594 539 504 547 1588 545 498 543 500 540 1595 538 1598 546 1592 541 1595 538 1599 545 1592 541 1596 548 1588 545 498 542 500 540 501 539 503 537 505 546 494 546 496 544 1593 540 501 539 1597 547 496 544 497 544 499 541 500 540 1596 548 494 546 1590 543 500 540 1595 538 1598 546 1591 542 1593 540 5197 4441 4416 549 1589 545 497 544 1593 540 1596 548 494 546 496 544 1592 541 501 539 502 538 1598 546 496 544 497 543 1593 540 1597 547 494 546 1589 544 498 542 499 541 1595 538 1598 546 1590 543 1593 540 1596 548 1589 544 1590 543 1594 539 503 548 493 547 495 545 497 543 497 544 498 542 500 540 1595 538 504 547 1589 544 497 543 499 541 500 540 502 538 1596 537 505 546 1589 544 497 543 1592 541 1595 538 1597 547 1589 544
#
name: TEMP 24
type: raw
frequency: 38000
duty_cycle: 0.330000
data: 4467 4420 544 1594 539 505 546 1591 542 1596 548 495 545 496 544 1593 540 503 548 495 545 1591 542 501 539 503 548 1589 544 1592 541 502 538 1597 547 496 545 498 542 1594 539 1597 547 1591 542 1594 539 1597 547 1591 542 1594 539 1597 547 496 544 498 542 498 542 501 539 503 537 503 537 505 546 1591 542 498 542 501 539 503 537 504 547 496 544 498 542 1595 538 503 537 1599 545 1592 541 1594 539 1598 546 1591 542 1593 540 5198 4440 4416 538 1599 545 496 544 1593 540 1598 546 495 545 498 542 1595 538 504 547 494 546 1591 542 501 539 502 538 1598 546 1592 541 500 540 1596 548 495 545 495 545 1591 542 1594 539 1596 548 1588 545 1592 541 1595 538 1596 548 1589 544 498 542 499 541 501 539 502 538 502 538 504 547 495 545 1590 543 499 541 500 540 501 539 503 537 504 547 495 545 1589 544 498 542 1594 539 1595 538 1599 545 1592 541 1593 540 1596 548
#
name: FAN MODE
type: raw
frequency: 38000
duty_cycle: 0.330000
data: 4455 4419 546 1587 547 495 546 1589 545 1588 546 496 545 497 544 1590 544 497 544 498 543 1592 542 499 541 499 542 1593 541 1593 541 501 540 1595 539 501 540 502 539 1597 547 1586 548 1587 547 1589 545 1589 545 1589 545 1590 544 1591 543 497 544 498 543 498 542 498 543 498 543 498 543 1590 544 1590 544 1591 542 497 544 498 543 1592 542 498 543 498 542 499 542 499 542 498 543 1592 541 1592 542 498 543 1592 542 1592 542 5186 4433 4411 544 1591 542 498 543 1590 544 1591 543 498 543 498 543 1591 543 498 542 499 542 1590 544 498 543 498 543 1590 544 1590 544 497 544 1589 545 496 545 496 545 1588 546 1588 546 1588 546 1588 546 1588 546 1588 546 1589 545 1587 547 495 546 496 545 495 546 495 546 495 546 494 547 1587 547 1587 547 1585 538 503 538 504 537 1595 538 502 539 502 539 503 537 501 539 502 539 1594 540 1592 541 500 540 1593 541 1591 543
# 
name: AUTO MODE
type: raw
frequency: 38000
duty_cycle: 0.330000
data: 4456 4417 538 1597 547 494 547 1589 545 1590 544 498 543 499 541 1593 541 501 539 502 539 1595 539 501 539 502 538 1596 538 1595 538 503 538 1597 547 493 537 504 547 495 546 1587 547 1587 547 1588 545 1588 546 1588 545 1589 545 1590 544 1590 544 497 544 498 543 497 544 498 543 498 543 497 544 1591 543 1592 542 1591 543 1592 542 499 542 498 543 499 542 1592 542 500 541 499 541 499 542 500 541 1591 543 1591 543 1591 543 5185 4434 4411 544 1591 543 498 543 1590 544 1590 544 497 543 497 544 1590 544 497 544 498 543 1589 545 496 545 497 544 1588 545 1588 546 495 545 1587 547 494 547 495 546 494 536 1597 547 1586 547 1585 538 1596 538 1596 537 1596 538 1594 540 1594 539 502 539 501 540 501 540 501 540 500 540 500 540 1593 541 1591 543 1591 543 1591 542 497 544 498 543 498 542 1591 543 496 545 497 544 497 544 496 545 1588 546 1588 546 1586 547
# 
name: COOL MODE
type: raw
frequency: 38000
duty_cycle: 0.330000
data: 4465 4407 547 1589 544 496 545 1589 544 1591 543 499 541 499 541 1593 540 501 539 502 538 1594 539 502 538 503 538 1596 537 1596 548 494 547 1586 548 494 547 495 546 1587 547 1588 545 1589 544 1589 544 1590 543 1591 542 1592 542 1592 541 500 540 500 540 500 540 500 540 501 539 500 541 501 539 1594 539 1592 541 1593 541 501 539 500 541 501 540 501 539 1594 540 500 540 501 540 501 539 1593 540 1593 540 1594 539 1593 540 5190 4428 4416 538 1595 538 501 539 1595 538 1595 538 501 539 502 538 1596 538 503 538 502 538 1596 537 503 538 502 538 1595 538 1595 539 501 539 1594 540 501 539 500 540 1593 540 1593 540 1592 541 1592 541 1593 540 1593 540 1591 542 1592 541 499 542 498 542 498 542 499 542 497 544 497 544 497 544 1588 545 1587 546 1587 546 493 548 494 546 494 547 494 547 1585 538 503 538 503 538 502 538 1594 539 1595 538 1594 539 1595 538
# 
name: FAN LOW SPEED
type: raw
frequency: 38000
duty_cycle: 0.330000
data: 4462 4409 545 1590 543 497 543 1589 544 1590 543 498 542 498 542 1592 541 499 541 500 540 1592 541 500 540 500 540 1593 540 1593 540 501 539 1593 540 1593 540 501 539 500 540 1594 539 1594 539 1593 540 1594 539 1595 538 502 538 1594 539 1595 538 503 537 502 538 503 537 503 537 502 538 502 538 1595 538 1593 540 1594 539 502 538 501 539 502 538 503 537 1596 537 502 538 502 538 502 538 1594 539 1593 540 1593 540 1592 541 5187 4430 4412 542 1592 541 498 542 1590 543 1590 543 496 544 497 543 1590 543 497 543 495 545 1588 545 496 544 494 546 1587 546 1587 546 493 537 1596 537 1595 538 501 539 502 538 1594 539 1592 541 1592 541 1593 540 1592 541 498 542 1591 542 1591 542 497 543 497 543 497 543 496 544 495 545 495 545 1586 537 1596 537 1595 538 501 539 501 539 502 538 502 538 1593 540 500 540 500 540 499 541 1591 542 1590 543 1588 545 1588 545
# 
name: FAN MEDIUM SPEED
type: raw
frequency: 38000
duty_cycle: 0.330000
data: 4459 4412 542 1593 540 500 540 1593 540 1594 539 501 539 501 539 1595 538 502 538 503 537 1595 538 503 537 504 536 1596 537 1596 537 504 547 1585 538 504 547 1587 546 493 537 1597 547 1586 547 1585 538 1596 537 1596 537 1597 547 493 537 1596 548 494 546 492 538 503 537 504 547 492 538 503 537 1596 537 1594 539 1595 538 502 538 501 539 502 538 502 538 1595 538 501 539 501 539 501 539 1593 540 1593 540 1593 540 1592 541 5186 4431 4411 543 1591 542 497 543 1590 543 1589 544 495 546 496 544 1588 545 495 545 494 546 1587 546 494 546 492 538 1595 538 1595 538 501 539 1593 540 500 540 1591 542 498 542 1591 542 1589 544 1589 544 1589 544 1588 545 1587 546 494 546 1587 546 493 537 504 547 494 546 493 537 503 537 503 537 1594 539 1593 540 1594 539 500 540 501 539 501 539 501 539 1592 541 499 541 499 541 498 542 1591 542 1591 542 1590 543 1590 543
# 
name: FAN HIGH SPEED
type: raw
frequency: 38000
duty_cycle: 0.330000
data: 4454 4416 538 1597 547 494 546 1586 547 1587 546 495 545 494 546 1588 545 495 545 496 544 1587 546 495 545 495 545 1587 546 1587 546 495 545 1587 546 495 545 495 545 1587 546 1588 545 1589 544 1589 544 1590 543 1590 543 1591 542 1590 543 497 543 498 542 497 543 498 542 498 542 497 543 497 543 1590 543 1588 545 1588 545 496 544 495 545 495 545 495 545 1587 546 493 537 504 547 494 546 1585 538 1595 538 1594 539 1593 540 5186 4430 4409 544 1589 544 495 545 1587 546 1587 546 493 547 494 546 1586 547 493 547 492 538 1596 537 504 547 492 538 1595 538 1595 538 501 539 1593 540 501 539 500 540 1592 541 1592 541 1590 543 1591 542 1591 542 1591 542 1589 544 1589 544 497 543 496 544 497 543 498 542 496 544 496 544 496 544 1587 546 1586 537 1596 537 501 539 502 538 502 538 502 538 1593 540 501 539 501 539 500 540 1593 540 1592 541 1590 543 1590 543
# 
name: SLEEP MODE
type: raw
frequency: 38000
duty_cycle: 0.330000
data: 4455 4412 542 1593 540 499 541 1592 541 1592 541 500 540 499 541 1593 540 499 541 500 540 1591 542 499 541 498 542 1591 542 1591 542 499 541 1593 540 1592 541 1592 541 1591 542 499 541 499 541 499 541 499 541 499 541 498 542 498 542 497 543 1589 544 1587 546 1587 546 1586 547 1586 547 492 538 504 547 492 538 503 537 502 538 502 538 1594 539 1593 540 1594 539 1593 540 1593 540 1592 541 1592 541 1591 542 499 541 498 542 5185 4431 4405 538 1595 538 501 539 1593 540 1592 541 499 541 498 542 1591 542 497 543 497 543 1588 545 495 545 494 546 1586 537 1594 539 502 538 1594 539 1592 541 500 540 1591 542 1590 543 1588 545 1588 545 1586 537 1596 537 502 538 1594 539 500 540 500 540 499 541 499 541 498 542 498 542 496 544 1588 545 1587 546 1585 538 502 538 502 538 501 539 500 540 1591 542 497 543 497 543 497 543 1587 546 1586 537 1595 538 1594 539 5184 4433 4407 547 1586 547 493 537 1594 539 1593 540 500 540 499 541 1591 542 498 542 496 544 1588 545 495 545 493 537 1595 538 1594 539 500 540 1592 541 1590 543 498 542 1588 545 1587 546 1586 537 1594 539 1593 540 1593 540 498 542 1591 542 498 542 496 544 496 544 496 544 494 536 503 537 503 537 1594 539 1591 542 1591 542 498 542 496 544 496 544 496 544 1586 537 503 537 503 537 502 538 1594 539 1592 541 1590 543 1589 544
# 
name: SILENT FAN
type: raw
frequency: 38000
duty_cycle: 0.330000
data: 4453 4414 539 1594 539 500 540 1593 540 1592 541 500 540 1591 542 499 541 1590 543 497 543 1588 545 495 545 494 546 1587 546 492 538 1595 538 501 539 1594 539 1592 541 1591 542 1590 543 497 543 1589 544 497 543 1590 543 496 544 496 544 495 545 495 545 1586 537 503 537 1594 539 501 539 1592 541 500 540 1591 542 1590 543 496 544 1589 544 1587 546 494 546 493 537 1596 537 502 538 502 538 1593 540 500 540 499 541 1591 542 5183 4434 4405 538 1593 540 500 540 1591 542 1591 542 497 543 1590 543 495 545 1587 546 493 537 1596 537 502 538 502 538 1592 541 499 541 1591 542 498 542 1589 544 1588 545 1587 546 1585 538 503 537 1595 538 501 539 1593 540 500 540 498 542 498 542 498 542 1588 545 495 545 1587 546 494 546 1584 539 502 538 1594 539 1592 541 500 540 1593 540 1590 543 497 543 497 543 1587 546 494 546 493 537 1594 539 501 539 501 539 1592 541
# 
name: TURBO
type: raw
frequency: 38000
duty_cycle: 0.330000
data: 4461 4406 537 1594 539 502 538 1593 540 1593 540 499 541 1592 541 498 542 1590 543 496 544 1589 544 495 545 495 545 1586 547 494 546 1585 538 503 537 1594 539 1593 540 1591 542 1591 542 497 543 1590 543 496 544 1588 545 495 545 494 546 494 546 493 537 1595 538 501 539 1593 540 499 541 1592 541 498 542 1590 543 496 544 496 544 494 546 1586 537 501 539 502 538 1592 541 500 540 1590 543 1589 544 1587 546 494 546 1587 546 5177 4430 4408 546 1587 546 493 537 1596 537 1594 539 501 539 1592 541 499 541 1589 544 496 544 1587 546 494 546 493 537 1595 538 501 539 1593 540 499 541 1591 542 1588 545 1587 546 1584 539 502 538 1593 540 500 540 1591 542 497 543 497 543 495 545 495 545 1585 538 502 538 1593 540 499 541 1590 543 497 543 1588 545 495 545 493 537 504 536 1593 540 500 540 498 542 1590 543 495 545 1586 537 1594 539 1592 541 498 542 1589 544
# 
name: LED
type: raw
frequency: 38000
duty_cycle: 0.330000
data: 4463 4404 539 1594 539 500 540 1594 539 1592 541 500 540 1592 541 500 540 1592 541 498 542 1591 542 497 543 497 543 1588 545 495 545 1586 537 503 537 1594 539 1594 539 1592 541 1591 542 497 543 1590 543 496 544 1588 545 493 537 504 536 502 538 503 537 1593 540 500 540 1592 541 499 541 1591 542 497 543 1589 544 495 545 495 545 1586 537 503 537 1593 540 501 539 1591 542 499 541 1589 544 1588 545 494 546 1586 547 492 538 5186 4431 4408 546 1585 538 503 537 1593 540 1593 540 498 542 1591 542 497 543 1588 545 495 545 1586 537 503 537 502 538 1594 539 499 541 1592 541 497 543 1589 544 1586 547 1586 537 1594 539 501 539 1593 540 500 540 1591 542 497 543 497 543 497 543 495 545 1586 537 503 537 1594 539 500 540 1592 541 499 541 1589 544 496 544 496 544 1587 546 494 546 1585 538 501 539 1592 541 499 541 1590 543 1588 545 495 545 1586 537 502 538
# 
name: UP_DOWN VENT
type: raw
frequency: 38000
duty_cycle: 0.330000
data: 4465 4424 542 1595 539 504 547 1590 544 1595 539 502 539 505 546 1591 543 500 541 502 539 1599 546 496 545 499 542 1595 539 1599 546 496 545 1593 541 501 540 503 538 504 547 522 519 1591 543 1595 539 1598 547 1592 542 1597 548 1590 544 1595 539 1597 548 496 545 497 544 499 542 500 541 1597 548 1589 545 1593 541 501 540 503 538 504 547 496 545 496 545 498 543 499 542 501 540 1596 538 1600 545 1592 542 1596 538 1600 544
# 
name: RIGHT_LEFT VENT
type: raw
frequency: 38000
duty_cycle: 0.330000
data: 4468 4420 546 1593 541 501 540 1598 546 1591 543 502 539 1597 547 497 544 1594 540 502 539 1599 545 497 544 500 541 1594 603 443 546 1589 545 499 542 1594 550 1588 546 1591 543 1596 548 494 547 1590 544 499 542 1595 602 442 547 496 545 496 545 499 542 1593 541 503 548 1587 547 497 544 1593 541 528 513 1597 547 1589 545 499 542 500 541 1595 549 493 548 495 546 1589 545 499 542 501 540 1596 549 1589 545 499 542 1593 541 5197 4434 4424 542 1594 540 504 547 1587 547 1591 543 499 542 1596 548 493 548 1589 545 499 542 1594 540 504 547 494 547 1616 518 498 543 1620 514 501 540 1624 520 1589 545 1592 542 1594 540 504 547 1614 520 497 544 1592 542 501 540 502 539 504 547 494 547 1590 544 497 544 1593 541 502 539 1597 548 496 545 1590 544 1593 541 501 540 504 547 1587 547 496 545 497 544 1592 542 500 541 502 539 1596 549 1589 545 497 544 1592 542
