Filetype: IR signals file
Version: 1
# 
# Grundig TP800 is the name of the remote control, not a TV. TP stands for Tele Pilot.
#
name: Power
type: raw
frequency: 38000
duty_cycle: 0.330000
data: 604 2557 605 452 604 451 605 451 605 454 602 452 604 450 606 450 606 452 604 452 604 19746 603 2558 604 976 1132 974 604 452 604 452 604 451 605 451 605 451 606 451 605 116246 602 2559 603 453 603 454 602 453 603 453 604 452 604 452 604 453 603 453 603 453 603
# 
name: Info
type: raw
frequency: 38000
duty_cycle: 0.330000
data: 603 2558 604 451 605 451 605 452 604 450 606 450 606 451 606 451 605 451 605 451 605 19744 605 2558 604 450 606 975 1133 448 605 975 1133 973 605 452 604 452 604 116252 603 2559 603 452 604 452 605 452 604 452 604 451 605 454 602 454 602 452 604 452 605
# 
name: Ok
type: raw
frequency: 38000
duty_cycle: 0.330000
data: 601 2561 601 453 603 455 601 455 602 454 603 454 602 453 603 455 602 455 601 453 603 19749 602 2560 603 977 604 452 604 453 603 452 604 453 603 452 604 453 603 453 604 452 604 116240 613 2547 615 442 614 443 613 442 614 443 613 443 613 443 613 443 613 443 613 443 607
# 
name: Mute
type: raw
frequency: 38000
duty_cycle: 0.330000
data: 602 2559 603 452 604 452 604 453 604 452 604 451 605 453 603 452 604 454 603 452 604 19747 601 2560 602 454 602 980 601 455 601 456 600 456 600 455 601 456 600 457 599 456 600 116184 604 2558 605 452 604 978 603 453 603 452 604 452 604 452 604 451 605 453 603 452 604 116254 604 2557 605 452 604 451 605 450 606 451 605 451 605 451 605 452 605 452 604 452 604
# 
name: Vol_up
type: raw
frequency: 38000
duty_cycle: 0.330000
data: 616 2545 617 440 616 440 616 440 616 441 615 441 615 440 616 439 617 440 616 441 615 19734 615 2547 615 964 617 440 616 441 1144 961 615 441 615 441 615 440 616 442 615 116235 615 2547 615 441 615 441 615 440 616 442 614 442 614 440 616 441 615 441 615 441 616
# 
name: Vol_dn
type: raw
frequency: 38000
duty_cycle: 0.330000
data: 600 2562 600 455 601 454 602 455 602 454 602 455 601 453 603 455 601 455 602 456 600 19750 601 2559 603 453 603 978 603 454 1129 977 602 453 603 453 603 453 603 455 602 116250 613 2548 614 440 616 442 614 442 614 442 614 442 614 442 614 441 615 441 615 442 615
# 
name: Ch_next
type: raw
frequency: 38000
duty_cycle: 0.330000
data: 603 2559 603 452 604 452 604 452 604 451 605 452 604 451 605 452 604 453 604 452 604 19745 605 2557 606 976 1133 972 1134 973 1133 972 606 451 605 451 605 116200 616 2548 614 965 1145 961 1145 961 1144 962 614 442 614 441 615 116207 613 2547 616 967 1143 960 1145 961 1144 961 615 441 615 441 615 116266 613 2548 615 442 614 442 614 443 613 443 613 443 613 442 614 442 614 443 613 445 611
# 
name: Ch_prev
type: raw
frequency: 38000
duty_cycle: 0.330000
data: 595 2566 597 459 597 459 597 461 595 462 594 460 596 461 595 462 594 462 594 460 596 19756 588 2572 591 465 591 465 591 989 1120 986 1120 987 591 464 592 465 592 116206 592 2571 591 464 593 464 592 989 1119 986 1119 984 594 464 592 463 593 116221 592 2570 592 465 591 465 592 988 1120 984 1122 986 592 464 592 464 593 116221 598 2564 598 458 598 458 598 983 1126 980 1126 979 599 459 597 459 597 116276 599 2562 600 455 601 456 600 456 600 457 599 457 599 457 599 456 600 457 599 457 599
# 
name: 1
type: raw
frequency: 38000
duty_cycle: 0.330000
data: 614 2546 616 440 616 441 615 440 616 441 615 442 614 441 615 440 616 441 615 441 616 19735 614 2547 615 441 615 966 608 448 608 447 1137 970 607 448 615 442 608 448 608 116181 616 2547 615 441 615 965 616 441 615 441 1145 961 616 441 615 439 617 440 616 116250 615 2547 615 439 617 441 615 441 615 440 616 440 616 440 616 440 616 441 615 441 615
# 
name: 2
type: raw
frequency: 38000
duty_cycle: 0.330000
data: 590 2570 592 466 596 458 598 458 598 459 597 460 596 460 596 460 596 461 595 460 596 19752 597 2568 594 985 1125 980 597 460 1125 980 597 461 595 461 595 461 595 116261 592 2572 590 463 593 465 591 464 592 465 591 464 598 459 597 459 597 460 596 462 594
# 
name: 3
type: raw
frequency: 38000
duty_cycle: 0.330000
data: 595 2566 596 461 595 461 596 460 596 460 596 461 595 460 596 462 594 461 595 461 595 19753 595 2568 595 461 619 437 596 985 596 460 1125 981 595 462 618 439 617 437 596 116194 618 2543 619 438 618 438 618 962 619 439 1146 957 620 437 619 438 618 437 619 116187 616 2547 615 439 617 441 615 965 616 440 1145 961 616 439 617 440 617 440 616 116251 609 2553 610 445 611 445 611 443 613 444 613 445 611 444 612 445 612 445 611 444 612
# 
name: 4
type: raw
frequency: 38000
duty_cycle: 0.330000
data: 605 2557 605 449 607 452 604 450 606 450 606 451 605 451 605 453 603 452 604 451 605 19746 602 2559 603 979 602 453 1132 975 1130 975 603 453 603 454 602 453 603 116256 592 2568 594 462 594 462 594 462 594 463 593 463 593 463 593 462 594 463 593 462 594
# 
name: 5
type: raw
frequency: 38000
duty_cycle: 0.330000
data: 605 2559 603 450 606 451 605 450 606 451 605 452 605 450 606 452 604 451 606 451 605 19745 605 2557 605 450 606 974 1134 973 1133 972 606 450 606 450 606 450 607 116192 605 2555 608 450 606 974 1135 970 1135 971 606 449 607 449 607 448 608 116265 601 2561 601 454 602 454 602 455 601 454 603 455 601 455 601 456 601 457 599 455 601
# 
name: 6
type: raw
frequency: 38000
duty_cycle: 0.330000
data: 593 2570 592 463 593 463 593 463 593 463 593 463 593 463 593 463 593 463 593 463 593 19757 592 2570 593 989 1119 460 593 989 1120 984 594 463 593 463 593 464 593 116204 594 2568 594 986 1122 459 594 987 1121 984 594 464 592 462 594 462 594 116279 595 2566 596 461 595 460 597 462 594 460 596 461 595 461 595 460 596 461 595 460 596
# 
name: 7
type: raw
frequency: 38000
duty_cycle: 0.330000
data: 613 2549 613 441 615 442 614 442 607 448 608 447 609 449 607 449 607 448 608 448 608 19742 607 2554 609 449 607 449 607 449 607 974 1135 971 607 449 607 448 608 448 608 116243 604 2558 604 451 605 451 605 451 605 453 603 453 603 452 604 451 605 451 605 452 604
# 
name: 8
type: raw
frequency: 38000
duty_cycle: 0.330000
data: 594 2568 594 461 595 461 595 460 596 463 594 460 596 461 595 461 595 461 595 462 594 19756 592 2570 593 987 594 463 593 462 1122 459 594 987 594 462 594 462 595 462 594 126031 595 2565 598 985 595 462 594 460 1126 457 594 985 596 461 596 460 596 461 596 116268 597 2568 594 460 596 460 596 461 596 460 596 460 596 460 596 461 596 460 596 461 595
# 
name: 9
type: raw
frequency: 38000
duty_cycle: 0.330000
data: 596 2566 596 459 597 460 596 459 597 459 597 459 597 461 595 460 596 460 596 459 597 19754 595 2566 596 459 597 984 597 459 1126 456 596 985 596 460 596 460 596 459 597 116194 595 2568 594 461 595 985 596 461 1124 455 597 985 596 460 596 460 596 460 596 116269 618 2545 617 437 619 437 619 437 619 438 618 438 618 437 619 438 618 438 618 438 618
# 
name: 0_AV
type: raw
frequency: 38000
duty_cycle: 0.330000
data: 614 2546 616 441 615 441 615 440 616 441 616 441 615 441 615 441 615 441 615 440 616 19734 616 2548 614 966 615 440 616 441 615 440 1145 962 614 442 615 441 615 442 615 116236 615 2544 618 439 617 439 617 440 616 440 616 440 616 441 615 441 615 441 616 440 616
# 
name: Questionmark
type: raw
frequency: 38000
duty_cycle: 0.330000
data: 602 2559 603 452 604 451 605 452 604 451 605 454 603 452 604 453 603 451 605 453 603 19745 604 2559 603 453 603 978 1130 973 605 453 603 454 603 452 604 452 605 453 603 116248 600 2560 602 454 602 454 603 455 601 454 602 455 601 455 601 455 601 455 602 453 603
# 
name: TXT
type: raw
frequency: 38000
duty_cycle: 0.330000
data: 583 2579 584 470 586 471 585 471 585 471 585 472 584 472 584 471 585 472 584 471 585 19765 584 2577 585 997 584 471 585 472 584 471 1114 467 585 996 585 470 586 471 619 116173 616 2544 618 964 617 438 618 439 617 439 1147 434 617 963 618 438 618 438 618 116248 615 2547 615 440 616 440 616 439 617 440 616 441 615 441 615 440 616 441 615 441 615
# 
name: Red
type: raw
frequency: 38000
duty_cycle: 0.330000
data: 606 2554 608 449 607 448 608 448 608 449 607 448 608 449 607 448 608 448 608 449 607 19741 608 2555 607 973 1136 970 1136 445 608 448 608 974 607 448 608 449 607 116251 605 2556 606 449 607 449 607 450 606 450 606 449 607 450 606 449 607 450 606 450 606
# 
name: Green
type: raw
frequency: 38000
duty_cycle: 0.330000
data: 591 2571 591 465 591 464 592 464 598 460 596 459 597 459 598 461 595 459 597 459 598 19751 597 2567 595 985 1125 456 596 461 596 461 618 437 596 986 619 437 596 461 619 116231 597 2563 600 459 597 459 597 458 598 459 597 457 599 458 599 458 598 458 598 458 598
# 
name: Yellow
type: raw
frequency: 38000
duty_cycle: 0.330000
data: 613 2547 615 440 617 441 616 440 616 441 616 441 615 440 616 441 615 438 618 442 614 19733 616 2547 616 440 616 440 616 966 1144 435 617 440 616 966 615 440 616 440 617 116235 594 2565 597 460 596 461 595 461 595 461 595 460 596 459 597 461 619 436 620 437 596
# 
name: Blue
type: raw
frequency: 38000
duty_cycle: 0.330000
data: 597 2564 599 457 599 458 599 457 599 457 599 458 599 457 599 457 599 458 599 458 598 19751 601 2561 602 980 1128 451 603 454 602 979 1130 975 603 453 604 453 603 116255 605 2556 606 450 606 452 604 451 605 452 604 452 604 452 604 451 605 452 604 451 605
# 
name: Contrast_plus
type: raw
frequency: 38000
duty_cycle: 0.330000
data: 611 2551 611 444 612 444 612 444 612 446 610 446 610 445 611 446 610 444 612 444 612 19739 611 2551 611 970 611 443 1142 439 613 970 611 445 611 444 612 444 612 444 612 116178 618 2543 620 961 620 436 1149 433 618 963 618 438 619 437 619 436 620 437 619 116247 596 2565 598 458 598 460 596 460 597 460 596 459 598 458 593 465 591 465 591 464 592
# 
name: Contrast_minus
type: raw
frequency: 38000
duty_cycle: 0.330000
data: 594 2565 597 459 598 460 596 459 597 460 597 460 596 460 596 459 597 460 596 460 596 19752 597 2566 596 459 597 983 1125 456 597 986 595 459 597 460 596 460 596 460 596 116256 591 2569 593 462 594 464 592 463 594 464 592 466 590 463 593 464 592 464 592 464 592
# 
name: Brightness_plus
type: raw
frequency: 38000
duty_cycle: 0.330000
data: 614 2547 615 442 614 444 612 445 611 444 612 443 613 444 612 445 611 445 611 444 612 19739 609 2552 610 969 1141 967 1139 966 611 446 610 447 609 448 608 447 609 116189 608 2554 609 971 1139 967 1138 969 608 446 610 446 611 447 609 448 608 116264 612 2550 613 443 613 445 611 443 613 444 612 443 613 443 613 442 614 444 612 444 612
# 
name: Brightness_minus
type: raw
frequency: 38000
duty_cycle: 0.330000
data: 618 2543 620 439 617 437 619 438 618 440 616 439 617 438 618 438 619 437 619 439 617 19733 617 2545 618 438 618 438 618 962 1148 959 618 438 618 437 620 437 619 438 618 116232 597 2565 598 457 599 458 598 457 599 459 597 456 600 456 600 458 598 458 598 456 601
# 
name: PIP
type: raw
frequency: 38000
duty_cycle: 0.330000
data: 607 2555 607 450 606 448 608 450 606 449 607 449 607 448 608 449 607 448 608 449 607 19743 606 2558 605 449 607 972 609 449 1135 971 1135 970 608 449 607 449 608 116192 616 2545 617 438 618 964 617 440 1145 959 1147 960 616 439 617 439 617 116197 618 2542 620 436 620 961 620 437 1148 957 1149 957 619 436 620 437 619 116254 618 2543 620 437 619 438 618 437 619 437 619 438 618 438 618 438 618 437 619 437 619
# 
name: AUX
type: raw
frequency: 38000
duty_cycle: 0.330000
data: 584 2579 584 471 585 471 585 472 584 472 584 472 584 472 584 472 584 470 586 473 583 19767 583 2578 584 472 584 471 585 472 584 997 584 472 618 438 618 439 617 437 585 472 618 116164 585 2577 585 471 585 470 586 472 584 997 584 471 619 438 584 471 619 437 619 438 618 116239 586 2576 586 470 586 469 587 470 586 470 586 469 587 469 587 469 587 470 586 471 585
