Filetype: IR signals file
Version: 1
# 
name: Up
type: raw
frequency: 38000
duty_cycle: 0.330000
data: 3283 604 1155 315 345 980 1079 330 1081 332 378 1033 1081 361 350 1034 1079 359 1051 359 1052 359 1052 359 1076 335 1076 334 1077 335 1076 337 374 1037 1076 338 373 1038 1074 338 373 1040 373 1040 373 1040 373 1040 373 1038 1075 336 1075 338 373 1038 1074 336 1075 336 1075 339 372 1038 1074 3922 3175 684 1075 338 373 1038 1074 337 1074 339 372 1038 1074 339 372 1038 1074 337 1074 337 1074 337 1074 337 1074 337 1074 337 472
# 
name: Down
type: raw
frequency: 38000
duty_cycle: 0.330000
data: 3185 674 1110 319 392 1002 1139 318 1091 318 365 1003 1110 330 378 1007 1106 330 1080 330 1080 331 1080 332 1079 332 1079 332 1079 332 1079 334 376 1035 1079 334 376 1036 1078 334 376 1037 376 1037 376 1038 375 1038 375 1036 1078 333 1078 332 1079 335 375 1036 1078 333 1078 333 1078 335 374 4605 3181 679 1077 335 375 1036 1078 333 222
# 
name: Stop
type: raw
frequency: 38000
duty_cycle: 0.330000
data: 3238 624 1131 318 342 1032 1082 356 1054 358 352 1033 1081 357 353 1058 1055 355 1056 355 1056 355 1081 330 1081 331 1080 331 1079 332 1079 334 376 1036 1077 335 375 1036 1078 335 375 1038 375 1038 375 1038 375 1038 375 1036 1078 333 1078 335 375 1039 374 1036 1078 333 1078 335 375 1038 375 4626 3181 679 1078 335 375 1036 1078 334 1077 335 375 1037 1077 335 375 1036 1078 334 1077 334 1077 334 1077 334 1077 334 1077 334 1077 335 1076 337 373
