Filetype: IR signals file
Version: 1
# 
# CO/Tech
# MPPH-08CRN7-QB6
#
name: POWER_ON
type: raw
frequency: 38000
duty_cycle: 0.330000
data: 4415 4353 570 1577 565 507 569 1577 565 508 568 504 572 501 565 508 568 1578 564 1583 570 503 563 510 566 1580 573 1574 568 504 572 501 565 508 568 505 571 1576 566 506 570 503 563 510 566 506 570 503 573 499 567 1581 572 1575 567 1580 573 1574 568 1579 563 1583 570 1577 565 1581 572 1576 566 1580 573 1575 567 1579 563 1584 569 1578 564 1583 570 1577 565 508 568 1578 564 509 567 506 570 502 564 1583 570 1577 565 508 568 5166 4419 4352 571 501 565 1583 570 502 574 1573 569 1578 564 1582 571 1576 566 506 570 502 574 1573 569 1577 565 507 569 504 572 1574 568 1579 574 1572 570 1576 566 532 544 1576 566 1580 573 1574 568 1577 565 1581 572 1574 568 531 545 527 539 534 542 530 546 526 540 533 543 529 547 525 541 505 571 501 565 508 568 504 572 500 566 506 570 503 573 499 567 1578 564 508 568 1577 565 1580 573 1572 570 502 564 508 568 1577 565
# 
name: POWER_OFF
type: raw
frequency: 38000
duty_cycle: 0.330000
data: 4412 4354 570 1575 568 504 572 1574 569 503 563 510 567 505 572 527 539 1580 563 509 568 505 572 1574 569 503 563 509 568 505 572 527 539 507 569 503 563 1582 571 500 566 507 569 503 563 535 542 505 561 511 566 1579 564 1582 571 1574 569 1576 567 1578 565 1581 562 1583 570 1575 568 1577 566 1580 563 1582 571 1574 569 1576 567 1579 564 1581 562 1583 570 1575 568 1577 566 1579 564 509 568 1577 566 1580 563 1582 571 501 565 5165 4412 4352 572 500 566 1579 564 509 568 1577 566 1579 564 1581 562 1583 570 502 564 1581 562 1582 571 501 565 1580 563 1582 571 1574 569 1576 567 1578 565 1579 564 509 567 1577 566 1579 564 1581 562 1583 570 1575 568 1577 566 506 571 501 565 534 542 529 537 535 542 531 535 537 539 532 545 527 539 507 569 529 537 509 568 504 562 510 566 532 544 527 539 507 569 528 538 534 542 1576 567 504 562 510 566 506 571 1574 569
# 
name: TEMP+
type: raw
frequency: 38000
duty_cycle: 0.330000
data: 4411 4378 546 1573 570 502 564 1582 571 500 566 507 570 528 538 508 569 1576 567 1578 565 507 569 1575 568 504 562 510 567 532 544 527 539 507 569 528 538 1580 563 509 568 505 571 501 565 533 543 528 538 1580 563 1582 571 1573 570 1575 568 1577 566 1578 565 1580 563 1582 571 1573 570 1575 568 1577 566 1579 564 1580 563 1582 571 1574 569 1575 568 1577 566 506 570 1574 569 1576 567 505 571 1573 570 1575 568 1577 566 1578 565 5165 4412 4350 563 508 568 1576 567 506 571 1574 569 1575 568 1577 566 1579 564 508 568 504 562 1582 571 501 565 1579 564 1581 562 1583 570 1574 569 1575 568 1577 566 506 570 1574 569 1576 567 1578 565 1580 563 1582 571 500 566 506 570 502 564 534 542 504 562 535 541 531 535 511 565 532 544 528 538 507 569 503 563 509 568 530 536 509 568 531 535 537 540 1578 565 507 569 503 563 1581 562 510 566 506 571 502 564 507 569
# 
name: TEMP-
type: raw
frequency: 38000
duty_cycle: 0.330000
data: 4465 4299 562 1582 571 501 565 1580 563 509 568 505 561 511 566 506 571 1574 569 1576 567 505 572 1574 569 503 563 509 568 504 562 510 566 505 572 501 565 1579 564 509 567 504 562 510 566 505 572 501 565 507 570 1575 568 1577 566 1579 564 1581 562 1583 571 1574 569 1576 567 1577 566 1579 564 1581 562 1583 570 1574 569 1576 567 1578 565 1580 563 1582 571 501 565 1579 564 1581 562 510 567 1578 565 1580 563 1582 571 501 565 5164 4413 4349 565 508 569 1576 567 505 572 1573 570 1575 568 1577 566 1579 564 508 568 503 563 1582 571 500 566 1579 564 1581 562 1582 571 1574 569 1575 568 1577 566 506 571 1574 569 1576 567 1577 566 1579 564 1581 562 1582 571 501 565 507 569 502 564 508 569 504 562 509 568 505 561 511 566 506 571 501 565 507 570 502 564 508 569 503 563 509 568 505 561 1583 571 502 564 508 568 1576 567 504 562 510 567 506 571 1574 569
# 
name: MODE_AUTO
type: raw
frequency: 38000
duty_cycle: 0.330000
data: 4416 4349 564 1581 572 500 566 1580 563 508 568 505 571 449 669 453 571 1575 568 1578 565 507 569 502 564 508 568 504 572 500 566 1579 564 508 568 504 572 1573 570 502 564 508 568 504 572 499 567 505 571 501 565 1580 573 1572 571 1575 568 1577 566 1579 563 1581 572 1573 570 1575 568 1578 565 1580 563 1582 571 1574 569 1576 567 1578 564 1581 572 1573 570 502 564 1581 572 500 566 1579 564 1582 571 1573 570 502 564 508 568 5163 4414 4348 565 507 569 1576 567 505 571 1573 570 1576 567 1578 564 1580 573 499 567 505 571 1574 569 1576 567 1578 565 1580 573 1572 571 502 564 1581 572 1573 570 502 564 1581 572 1573 570 1575 568 1577 566 1580 563 1582 571 501 565 507 569 503 563 509 567 505 571 501 565 507 569 503 563 509 567 504 572 500 566 506 570 502 564 508 568 504 572 499 567 1578 565 508 568 1576 567 505 571 501 565 507 569 1575 568 1577 566
# 
name: MODE_COOL
type: raw
frequency: 38000
duty_cycle: 0.330000
data: 4417 4346 567 1578 565 507 569 1576 567 505 571 501 565 507 569 502 574 1571 572 1573 570 502 574 1571 572 500 566 506 570 502 564 508 568 503 573 499 567 1578 565 507 569 503 573 498 568 504 572 500 566 506 570 1575 568 1577 566 1579 564 1581 572 1572 571 1575 568 1577 566 1579 564 1581 572 1572 571 1574 569 1576 567 1578 565 1580 573 1572 571 1574 569 503 573 1572 571 1574 569 502 574 1571 572 1573 570 1575 568 504 572 5158 4408 4354 570 502 564 1581 572 499 567 1579 564 1581 572 1572 571 1574 569 503 573 498 568 1578 565 506 570 1575 568 1577 566 1579 564 1581 572 1573 570 1574 569 503 573 1572 571 1574 569 1576 567 1578 565 1580 573 1571 572 527 539 533 543 528 538 534 542 529 547 525 541 531 545 527 539 532 544 528 538 534 542 530 546 525 541 531 545 526 540 532 544 1575 568 530 546 525 541 1578 565 533 543 529 547 524 542 1577 566
# 
name: MODE_DRY
type: raw
frequency: 38000
duty_cycle: 0.330000
data: 4416 4348 564 1581 572 501 565 1580 562 510 566 506 570 528 538 535 541 1577 566 1579 563 509 567 505 571 527 539 507 569 529 537 509 567 1577 566 507 569 1575 568 531 545 501 565 534 542 530 536 510 566 532 544 1574 568 1576 567 1578 564 1581 572 1573 569 1576 566 1579 563 1581 572 1573 569 1576 566 1578 564 1581 572 1573 569 1576 566 1578 564 1581 572 501 565 1580 562 510 566 1578 564 1580 563 1583 570 1575 567 1577 565 5165 4410 4353 570 502 564 1581 561 511 565 1579 563 1582 571 1573 570 1576 566 506 570 502 564 1581 561 1583 570 1575 567 1577 565 1580 562 1582 571 502 564 1581 572 500 566 1579 563 1581 572 1573 569 1576 566 1578 564 1581 572 501 565 507 569 503 563 509 567 531 545 527 539 533 543 503 563 535 541 505 561 511 565 507 569 502 564 509 567 504 562 536 540 1578 564 508 568 1576 566 506 570 502 564 509 567 504 562 510 566
# 
name: MODE_FAN
type: raw
frequency: 38000
duty_cycle: 0.330000
data: 4418 4346 567 1579 564 508 568 1578 564 507 569 503 563 509 567 505 571 1574 569 1577 565 506 570 1575 567 504 572 500 566 1580 573 499 567 505 571 501 565 1581 572 499 567 1579 564 1582 571 1574 568 1576 567 506 570 1575 568 1577 565 1580 563 1583 570 1575 568 1577 565 1580 562 1583 570 1575 568 1577 565 1580 562 1582 571 1575 568 1577 565 1580 562 1582 571 501 565 1581 572 1573 569 1575 568 1578 564 508 568 1576 567 1578 564 5166 4410 4353 570 502 564 1581 572 500 566 1579 563 1582 571 1574 569 1576 566 506 570 502 564 1581 572 500 566 1579 563 1582 571 500 566 1580 562 1582 571 1574 568 503 573 1572 570 502 564 508 568 503 573 499 567 1578 564 508 568 504 572 499 567 505 571 501 565 507 569 503 563 509 567 505 571 500 566 506 570 502 564 508 568 504 572 500 566 506 570 1574 569 504 572 499 567 506 570 501 565 1580 573 499 567 506 570
# 
name: FAN_AUTO
type: raw
frequency: 38000
duty_cycle: 0.330000
data: 4408 4357 567 1578 565 507 570 1576 567 505 572 501 565 507 570 503 563 1581 562 1583 570 502 564 1581 562 510 567 506 571 528 538 508 569 503 563 509 568 1578 565 507 569 502 564 508 569 504 562 510 567 531 546 1574 569 1575 568 1577 566 1579 564 1581 562 1583 570 1575 568 1577 566 1579 564 1581 562 1583 571 1575 568 1577 566 1579 564 1581 562 1583 571 502 564 1580 563 1582 572 501 565 1580 563 1582 571 1573 570 503 563 5167 4411 4352 562 510 567 1579 564 508 568 1576 567 1578 565 1580 563 1582 572 501 565 506 571 1575 568 504 562 1583 571 1574 569 1575 568 1577 566 1579 564 1581 562 510 566 1578 565 1580 563 1582 572 1573 570 1575 568 1577 566 506 570 502 564 508 569 503 563 535 542 531 535 511 565 532 545 528 538 507 569 503 563 535 542 504 562 536 541 506 571 501 565 1579 564 508 568 504 562 1582 572 501 565 507 570 502 564 1581 562
# 
name: FAN_LOW
type: raw
frequency: 38000
duty_cycle: 0.330000
data: 4416 4350 574 1571 572 526 540 1579 574 524 542 530 546 526 540 532 544 1575 568 1577 566 532 544 528 538 534 542 1577 566 532 544 528 538 534 542 529 548 1571 572 527 539 533 543 528 538 534 542 504 572 499 567 1578 565 1580 563 1582 571 1574 569 1576 567 1578 565 1580 563 1582 572 1574 569 1575 568 1578 565 1580 563 1582 572 1573 570 1575 568 1577 566 506 571 1575 568 504 562 1583 570 501 565 1580 563 1582 571 501 565 5166 4412 4351 563 509 567 1577 566 507 569 1575 568 1577 566 1579 564 1581 572 500 566 506 570 1574 569 1576 567 1578 565 507 570 1576 567 1577 566 1580 563 1581 572 500 566 1579 564 1581 572 1573 570 1575 568 1577 566 1579 564 508 569 504 562 510 567 505 572 501 565 507 570 502 564 508 569 504 562 510 567 505 572 501 565 507 570 502 564 508 569 504 562 1582 572 501 565 1579 564 509 567 1577 566 506 570 502 564 1580 563
# 
name: FAN_HIGH
type: raw
frequency: 38000
duty_cycle: 0.330000
data: 4415 4349 565 1580 563 536 541 1578 565 508 569 530 536 536 540 532 545 1573 570 1575 568 530 536 537 540 1578 565 1580 563 509 568 532 545 527 539 533 543 1574 569 504 562 536 541 532 545 527 539 533 543 529 537 1581 562 1583 571 1574 569 1576 567 1578 565 1580 573 1571 572 1573 570 1575 568 1577 566 1579 564 1581 562 1583 570 1574 569 1576 567 1578 565 534 542 1576 567 531 546 527 539 533 543 1574 569 1576 567 505 572 5159 4408 4355 569 503 563 1582 571 500 566 1579 564 1581 572 1573 570 1574 569 504 562 536 541 1578 565 1580 563 509 568 531 545 1572 571 1575 568 1576 567 1578 565 508 569 1576 567 1577 566 1579 564 1581 572 1573 570 1575 568 504 562 536 541 532 544 527 539 533 543 529 537 535 541 530 536 536 540 532 544 527 539 506 571 528 538 534 542 529 537 535 541 1576 567 505 572 1573 570 1575 568 1577 566 532 544 528 538 1580 563
# 
name: LED
type: raw
frequency: 38000
duty_cycle: 0.330000
data: 4463 4302 570 1575 568 505 571 1574 569 503 563 535 542 505 561 1584 569 502 564 509 568 504 562 511 565 506 570 1575 568 504 562 510 566 506 570 1574 569 1576 567 1578 565 1580 563 1583 570 1574 569 1576 567 1579 564 1581 562 1583 570 1575 568 1577 566 1579 564 1582 571 1573 570 1575 568 1577 566 1579 564 1582 571 1573 570 1575 568 1577 566 1580 563 1582 571 501 565 1579 564 1582 571 1573 570 503 563 1582 571 501 565 1580 563 5167 4410 4353 571 501 565 1580 563 509 568 1578 565 1580 563 1582 571 501 565 1580 563 1582 571 1574 569 1576 567 1578 565 507 570 1575 568 1577 566 1579 564 509 568 504 562 510 566 506 571 501 565 507 569 503 563 509 568 504 562 537 540 506 571 501 565 533 543 529 537 535 542 504 562 536 540 532 544 527 539 507 569 529 537 535 542 504 562 537 539 1578 565 508 568 504 562 536 540 1578 565 507 569 1575 568 504 562
# 
name: SLEEP
type: raw
frequency: 38000
duty_cycle: 0.330000
data: 4410 4355 569 1576 567 506 571 1575 568 504 562 510 566 506 571 502 564 1581 562 1583 570 1574 569 1577 566 506 570 502 564 508 568 530 536 536 540 532 544 1574 569 503 563 536 541 505 571 527 539 507 569 502 564 1581 562 1583 570 1575 568 1577 566 1579 564 1582 571 1573 570 1575 568 1577 566 1579 564 1582 571 1573 570 1576 567 1578 565 1580 563 1583 570 501 565 508 568 1576 567 505 572 1574 569 1576 567 1578 565 508 568 5161 4416 4348 565 507 569 1575 568 505 571 1573 570 1575 568 1578 565 1579 564 509 568 504 562 511 565 506 570 1574 569 1576 567 1578 565 1581 562 1583 570 1574 569 503 563 1582 571 1574 569 1576 567 1578 565 1580 563 1583 570 501 565 508 568 503 563 509 567 505 571 500 566 533 543 528 538 508 569 504 562 510 567 505 571 501 565 507 569 502 564 508 569 1576 567 1578 565 508 568 1576 567 506 571 501 565 507 569 1576 567
